
Транспонируй таблицу, 
колонки -     
{научно-исследовательские организации

     конструкторские организации

     проектные и проектно-изыскательские       организации

     опытные заводы

      образовательные организации  высшего        образования

      организации промышленности,        имевшие научно-исследовательские,        проектно-конструкторские подразделения 

      прочие
}
сделай года строками 
Года	2000	2005	2010	2011	2012	2013	2014	2015	2016	2017	2018	2019	2020	2021	2022  	2023  	2024 
																	
Число организаций – всего	4099	3566	3492	3682	3566	3605	3604	4175	4032	3944	3950	4051	4175	4175	4195	4125	4157
																	
   в том числе:																	
																	
     научно-исследовательские организации	2686	2115	1840	1782	1744	1719	1689	1708	1673	1577	1574	1618	1633	1627	1584	1560	1543
																	
     конструкторские организации	318	489	362	364	338	331	317	322	304	273	254	255	239	233	249	236	231
																	
     проектные и проектно-изыскательские       организации	85	61	36	38	33	33	32	29	26	23	20	11	12	13	13	17	16
																	
     опытные заводы	33	30	47	49	60	53	53	61	62	63	49	44	35	33	30	30	25
																	
      образовательные организации  высшего        образования	390	406	517	581	560	671	702	1040	979	970	917	951	969	990	991	990	994
																	
      организации промышленности,        имевшие научно-исследовательские,        проектно-конструкторские подразделения 	284	231	238	280	274	266	275	371	363	380	419	450	441	446	494	491	531
																	
      прочие	303	234	452	588	557	532	536	644	625	658	717	722	846	833	834	801	817
